name	lig_cov	poc_cov	lig_name	4A_crit	ligSASRatio	volume	enclosure	surface	lipoSurface	depth	surf/vol	lid/hull	ellVol	ell_c/a	ell_b/a	surfGPs	lidGPs	hullGPs	siteAtms	accept	donor	aromat	hydrophobicity	metal	Cs	Ns	Os	Ss	Xs	acidicAA	basicAA	polarAA	apolarAA	sumAA	ALA	ARG	ASN	ASP	CYS	GLN	GLU	GLY	HIS	ILE	LEU	LYS	MET	PHE	PRO	SER	THR	TRP	TYR	VAL	A	C	G	U	I	N	DA	DC	DG	DT	DN	UNK
P_1	0	0		0	0	210.944	0.96997	267.761	49.5146	11.5931	1.26935	0.03003	122.667	0.135957	0.196313	323	10	333	74	11	6	28	0.662162	0	49	10	15	0	0	6	5	5	4	20	0	3	0	4	0	3	2	0	2	0	0	0	0	3	0	0	0	0	2	1	0	0	0	0	0	0	0	0	0	0	0	0	
P_2	0	0		0	0	185.856	0.842949	454.764	207.663	14.3555	2.44686	0.157051	141.188	0.0711958	0.150098	263	49	312	73	14	7	6	0.630137	0	46	10	17	0	0	4	5	6	7	22	1	2	1	1	1	0	3	0	1	2	1	2	0	0	1	2	2	2	0	0	0	0	0	0	0	0	0	0	0	0	0	0	
P_3	0	0		0	0	160.768	0.996124	324.18	131.948	8.83629	2.01644	0.00387597	61.8587	0.200165	0.266059	257	1	258	62	10	7	11	0.693548	0	43	7	12	0	0	3	2	6	5	16	1	0	3	1	0	0	2	2	1	1	1	1	0	1	0	1	0	1	0	0	0	0	0	0	0	0	0	0	0	0	0	0	
P_4	0	0		0	0	122.368	0.833333	280.019	97.183	7.06541	2.28834	0.166667	34.4889	0.254447	0.336485	160	32	192	46	10	9	10	0.630435	0	29	7	10	0	0	1	2	6	2	11	0	1	1	1	0	0	0	1	0	0	1	1	0	1	0	3	0	0	1	0	0	0	0	0	0	0	0	0	0	0	0	0	
P_5	0	0		0	0	66.048	0.958678	194.845	112.64	6.29921	2.95006	0.0413223	10.0637	0.254668	0.516237	116	5	121	38	6	1	0	0.736842	0	28	3	7	0	0	3	1	3	4	11	0	1	0	1	0	0	2	2	0	1	1	0	0	0	0	1	0	0	0	2	0	0	0	0	0	0	0	0	0	0	0	0	
P_6	0	0		0	0	65.536	0.814159	119.159	28.6924	5.87878	1.81822	0.185841	9.45962	0.531173	0.658292	92	21	113	37	4	1	14	0.810811	0	30	3	4	0	0	1	1	1	6	9	0	1	0	0	0	0	1	1	0	0	1	0	0	3	0	0	0	2	0	0	0	0	0	0	0	0	0	0	0	0	0	0	
P_7	0	0		0	0	52.224	1	116.775	63.5982	5.42586	2.23605	0	7.58293	0.464945	0.837559	97	0	97	45	5	2	5	0.688889	0	31	7	7	0	0	2	2	4	3	11	0	1	1	1	0	0	1	1	0	1	0	1	0	2	0	0	1	0	1	0	0	0	0	0	0	0	0	0	0	0	0	0	
P_8	0	0		0	0	47.616	1	269.634	169.108	5.1225	5.66267	0	5.42782	0.541257	0.765507	88	0	88	37	5	4	0	0.648649	0	24	6	7	0	0	1	2	3	4	10	0	1	1	0	0	0	1	1	0	0	1	1	0	1	1	0	0	0	1	1	0	0	0	0	0	0	0	0	0	0	0	0	
P_9	0	0		0	0	46.08	0.928571	222.76	108.393	5.1225	4.8342	0.0714286	4.41282	0.458905	0.749961	78	6	84	30	6	5	0	0.6	0	18	6	6	0	0	2	2	3	2	9	0	1	2	1	0	0	1	0	0	1	0	1	0	1	0	1	0	0	0	0	0	0	0	0	0	0	0	0	0	0	0	0	
P_10	0	0		0	0	45.568	0.795181	182.06	124.289	5.1225	3.99536	0.204819	4.33769	0.581537	0.641295	66	17	83	29	3	0	6	0.793103	0	23	2	4	0	0	1	1	2	2	6	0	1	0	0	0	0	1	0	0	1	0	0	0	0	0	0	0	0	2	1	0	0	0	0	0	0	0	0	0	0	0	0	
P_11	0	0		0	0	35.328	1	31.1538	16.3099	4.73286	0.881843	0	3.03645	0.374669	0.542447	68	0	68	37	4	2	5	0.72973	0	27	6	4	0	0	1	1	5	6	13	0	0	0	0	0	1	1	2	0	1	3	1	0	0	0	2	0	1	0	1	0	0	0	0	0	0	0	0	0	0	0	0	
P_12	0	0		0	0	34.304	0.692308	185.559	132.679	4.93153	5.40925	0.307692	2.60704	0.447485	0.808405	45	20	65	22	2	2	3	0.818182	0	18	2	2	0	0	0	1	2	3	6	0	0	1	0	0	0	0	0	0	0	1	1	0	0	2	0	0	0	1	0	0	0	0	0	0	0	0	0	0	0	0	0	
P_13	0	0		0	0	32.768	0.873016	189.61	97.626	4.15692	5.78645	0.126984	2.44712	0.586637	0.910067	55	8	63	24	5	4	2	0.541667	0	13	6	5	0	0	2	2	3	2	9	1	1	0	2	0	0	0	0	0	0	0	1	0	1	0	2	0	0	1	0	0	0	0	0	0	0	0	0	0	0	0	0	
P_14	0	0		0	0	28.16	0.740741	168.033	71.4546	4.93153	5.96708	0.259259	1.67827	0.314639	0.499215	40	14	54	22	4	1	3	0.681818	0	15	2	5	0	0	2	1	1	2	6	1	0	0	1	0	0	1	1	0	0	0	1	0	0	0	0	0	1	0	0	0	0	0	0	0	0	0	0	0	0	0	0	
